model_type: inverse
a: 0.120000
b: 0.100000
rmse_m: 0.0441
n_points: 24
