model_type: linear
a: -0.410400
b: 0.531100
rmse_m: 0.0364
n_points: 19
